9290
10598
11417
12257
12288
12578
12932
12957
12987
13218
13452
13475
13833
14347
14542
14564
14940
15058
15266
15301
15374
15561
15608
15654
15664
15740
15780
15787
15862
15874
16039
16214
16281
16395
16439
16549
16562
16622
16639
16661
16688
16703
16776
16784
16851
16977
16995
17035
17059
17073
17164
17352
17383
17396
17418
17452
17470
17479
17549
17586
17600
17708
17747
17808
17835
17844
17956
17959
18002
18019
18022
18033
18097
18101
18119
18168
18213
18238
18259
18262
18316
18392
18441
18456
18503
18505
18530
18546
18636
18644
18653
18654
18703
18740
18752
18798
18821
18827
18887
18958
18989
19020
19037
19058
19060
19090
19098
19116
19127
19136
19195
19198
19221
19266
19314
19332
19338
19366
19386
19454
19458
19461
19467
19474
19531
19558
19603
19651
19787
19791
19841
19909
19990
20094
20095
20193
20228
20232
20244
20254
20302
20315
20328
20387
20438
20455
20496
20498
20557
20581
20586
20610
20612
20635
20682
20710
20715
20721
20724
20728
20738
20867
20880
20893
20917
20917
20926
20954
20958
20958
20976
21004
21013
21013
21039
21059
21099
21117
21178
21206
21228
21299
21326
21331
21360
21381
21385
21430
21468
21547
21600
21602
21646
21896
21938
21946
21958
21969
22010
22016
22086
22124
22144
22187
22208
22243
22336
22355
22371
22382
22386
22402
22417
22440
22464
22495
22526
22591
22626
22629
22636
22678
22680
22684
22719
22722
22763
22813
22919
22933
22945
22977
22982
23071
23141
23171
23177
23192
23220
23245
23261
23323
23370
23531
23560
23662
23699
23704
23838
23846
23919
23979
24030
24057
24073
24076
24128
24190
24227
24239
24248
24277
24388
24390
24462
24469
24478
24486
24534
24564
24574
24645
24649
24678
24696
24806
24810
24823
24873
24879
24883
24895
24984
25028
25038
25066
25071
25082
25206
25206
25237
25251
25268
25304
25313
25350
25354
25354
25360
25382
25383
25447
25496
25553
25554
25575
25634
25726
25735
25803
25901
25958
25976
25985
26089
26109
26119
26164
26260
26286
26391
26409
26446
26475
26560
26580
26637
26642
26654
26701
26703
26741
26824
26941
26976
26976
26980
27027
27171
27197
27239
27309
27349
27378
27408
27430
27464
27469
27526
27531
27539
27539
27602
27606
27635
27684
27714
27738
27766
27803
27825
27829
27851
27901
27922
27944
27947
27948
27997
27998
28036
28042
28181
28273
28311
28322
28333
28410
28427
28485
28572
28593
28597
28620
28658
28661
28682
28689
28724
28739
28750
28871
28886
28911
29033
29042
29078
29097
29215
29230
29301
29502
29572
29592
29595
29598
29676
29858
30009
30018
30048
30211
30247
30282
30296
30298
30316
30335
30367
30389
30413
30519
30694
30716
30768
30777
30777
30861
30925
31023
31038
31161
31277
31362
31701
31743
31750
31885
31902
31925
31979
31985
32001
32159
32248
32263
32321
32388
32591
32765
32766
32769
32907
33107
33202
33217
33249
33466
33590
33625
33657
33679
33877
33893
34085
34316
34334
34461
34618
34626
34631
34793
34833
35221
35346
35373
35674
36587
36695
36765
36920
37171
37242
37290
37456
37629
37748
38079
38191
38309
38644
38785
38828
38999
39016
39024
39083
39186
40213
40645
40675
40825
40918
40944
42272
42731
43091
43444
46727
47280
51940
67931